
0 1 0 0 0 0 0 0 0 0 
1 0 0 0 0 0 0 0 0 0 
0 0 0 0 0 0 0 0 0 0 

0 1 1 0 0 0 0 0 0 0 
1 0 0 0 0 0 0 0 0 0 
0 0 0 0 0 0 0 0 0 0 

0 1 1 0 0 0 0 0 0 0 
1 0 1 0 0 0 0 0 0 0 
1 1 0 0 0 0 0 0 0 0 
0 0 0 0 0 0 0 0 0 0 

0 1 1 0 0 0 0 0 0 0 
1 0 1 0 0 0 0 0 0 0 
1 1 0 1 0 0 0 0 0 0 
0 0 1 0 0 0 0 0 0 0 
0 0 0 0 0 0 0 0 0 0 

0 1 1 0 0 0 0 0 0 0 
1 0 1 0 0 0 0 0 0 0 
1 1 0 1 0 0 0 0 0 0 
0 0 1 0 1 0 0 0 0 0 
0 0 0 1 0 0 0 0 0 0 
0 0 0 0 0 0 0 0 0 0 

0 1 1 0 0 0 0 0 0 0 
1 0 1 0 0 0 0 0 0 0 
1 1 0 1 0 0 0 0 0 0 
0 0 1 0 1 0 0 0 0 1 
0 0 0 1 0 0 0 0 0 0 
0 0 0 0 0 0 0 0 0 0 
0 0 0 1 0 0 0 0 0 0 

0 1 1 0 0 0 0 0 0 0 
1 0 1 0 0 0 0 0 0 0 
1 1 0 1 0 0 0 0 0 0 
0 0 1 0 1 0 0 1 0 1 
0 0 0 1 0 0 0 0 0 0 
0 0 0 0 0 0 0 0 0 0 
0 0 0 1 0 0 0 0 0 0 
0 0 0 0 0 0 0 0 0 0 
0 0 0 1 0 0 0 0 0 0 

0 1 1 0 0 0 0 0 0 0 
1 0 1 0 0 0 0 0 0 0 
1 1 0 1 0 0 0 0 0 0 
0 0 1 0 1 0 0 1 0 1 
0 0 0 1 0 1 0 0 0 0 
0 0 0 0 1 0 0 0 0 0 
0 0 0 0 0 0 0 0 0 0 
0 0 0 1 0 0 0 0 0 0 
0 0 0 0 0 0 0 0 0 0 
0 0 0 1 0 0 0 0 0 0 

0 1 1 0 0 0 0 0 0 0 
1 0 1 0 0 0 0 0 0 0 
1 1 0 1 0 0 0 0 0 0 
0 0 1 0 1 0 0 1 0 1 
0 0 0 1 0 1 1 0 0 0 
0 0 0 0 1 0 0 0 0 0 
0 0 0 1 0 0 0 0 0 0 
0 0 0 0 0 0 0 0 0 0 
0 0 0 1 0 0 0 0 0 0 

0 1 1 0 0 0 0 0 0 0 
1 0 1 0 0 0 0 0 0 0 
1 1 0 1 0 0 0 0 0 0 
0 0 1 0 1 0 0 1 0 1 
0 0 0 1 0 1 1 0 0 1 
0 0 0 0 1 0 0 0 0 0 
0 0 0 1 0 0 0 0 0 0 
0 0 0 0 0 0 0 0 0 0 
0 0 0 1 1 0 0 0 0 0 

0 1 1 0 0 0 0 0 0 0 
1 0 1 0 0 0 0 0 0 0 
1 1 0 1 0 0 0 0 0 0 
0 0 1 0 1 0 0 1 0 1 
0 0 0 1 0 1 1 0 0 1 
0 0 0 0 1 0 1 0 0 0 
0 0 0 0 1 1 0 0 0 0 
0 0 0 1 0 0 0 0 0 0 
0 0 0 0 0 0 0 0 0 0 
0 0 0 1 1 0 0 0 0 0 

0 1 1 0 0 0 0 0 0 0 
1 0 1 0 0 0 0 0 0 0 
1 1 0 1 0 0 0 0 0 0 
0 0 1 0 1 0 0 1 0 1 
0 0 0 1 0 1 1 0 0 1 
0 0 0 0 1 0 1 0 0 1 
0 0 0 0 1 1 0 0 0 0 
0 0 0 1 0 0 0 0 0 0 
0 0 0 0 0 0 0 0 0 0 
0 0 0 1 1 1 0 0 0 0 

0 1 1 0 0 0 0 0 0 0 
1 0 1 0 0 0 0 0 0 0 
1 1 0 1 0 0 0 0 0 0 
0 0 1 0 1 0 0 1 0 1 
0 0 0 1 0 1 1 0 0 1 
0 0 0 0 1 0 1 0 0 1 
0 0 0 0 1 1 0 0 0 1 
0 0 0 1 0 0 0 0 0 0 
0 0 0 0 0 0 0 0 0 0 
0 0 0 1 1 1 1 0 0 0 

0 1 1 0 0 0 0 0 0 0 
1 0 1 0 0 0 0 0 0 0 
1 1 0 1 0 0 0 0 0 0 
0 0 1 0 1 0 0 1 0 1 
0 0 0 1 0 1 1 0 0 1 
0 0 0 0 1 0 1 0 0 1 
0 0 0 0 1 1 0 1 0 1 
0 0 0 1 0 0 1 0 0 0 
0 0 0 0 0 0 0 0 0 0 
0 0 0 1 1 1 1 0 0 0 

0 1 1 0 0 0 0 0 0 0 
1 0 1 0 0 0 0 0 0 0 
1 1 0 1 0 0 0 0 0 0 
0 0 1 0 1 0 0 1 0 1 
0 0 0 1 0 1 1 0 0 1 
0 0 0 0 1 0 1 0 0 1 
0 0 0 0 1 1 0 1 0 1 
0 0 0 1 0 0 1 0 0 1 
0 0 0 0 0 0 0 0 0 0 
0 0 0 1 1 1 1 1 0 0 

0 1 1 0 0 0 0 0 0 0 
1 0 1 0 0 0 0 0 0 0 
1 1 0 1 0 0 0 0 0 0 
0 0 1 0 1 0 0 1 0 1 
0 0 0 1 0 1 1 0 0 1 
0 0 0 0 1 0 1 0 0 1 
0 0 0 0 1 1 0 1 0 1 
0 0 0 1 0 0 1 0 1 1 
0 0 0 0 0 0 0 1 0 0 
0 0 0 1 1 1 1 1 0 0 

0 1 1 0 0 0 0 0 0 0 
1 0 1 0 0 0 0 0 0 0 
1 1 0 1 0 0 0 0 0 0 
0 0 1 0 1 0 0 1 0 1 
0 0 0 1 0 1 1 0 0 1 
0 0 0 0 1 0 1 0 0 1 
0 0 0 0 1 1 0 1 0 1 
0 0 0 1 0 0 1 0 1 1 
0 0 0 0 0 0 0 1 0 1 
0 0 0 1 1 1 1 1 1 0 

--------------------------------------
start id:0
end id:9
ants num:3
-----------------ROOMS----------------
Room name:0
id:0
x[1]y[0]

====
Room name:1
id:1
x[5]y[0]

====
Room name:2
id:2
x[9]y[0]

====
Room name:3
id:3
x[13]y[0]

====
Room name:4
id:4
x[4]y[4]

====
Room name:5
id:5
x[5]y[5]

====
Room name:6
id:6
x[6]y[6]

====
Room name:7
id:7
x[7]y[7]

====
Room name:8
id:8
x[8]y[8]

====
Room name:9
id:9
x[9]y[9]

0 1 1 0 0 0 0 0 0 0 
1 0 1 0 0 0 0 0 0 0 
1 1 0 1 0 0 0 0 0 0 
0 0 1 0 1 0 0 1 0 1 
0 0 0 1 0 1 1 0 0 1 
0 0 0 0 1 0 1 0 0 1 
0 0 0 0 1 1 0 1 0 1 
0 0 0 1 0 0 1 0 1 1 
0 0 0 0 0 0 0 1 0 1 
0 0 0 1 1 1 1 1 1 0 

 Link nums 
0[2] 1[2] 2[3] 3[4] 4[4] 5[3] 6[4] 7[4] 8[2] 9[6] 
 VISITED: [0][2][3][9]
 VISITED: [0][2][3][7][9]
 VISITED: [0][2][3][7][8][9]
 VISITED: [0][2][3][7][6][9]
 VISITED: [0][2][3][7][6][5][9]
 VISITED: [0][2][3][7][6][5][4][9]
 VISITED: [0][2][3][7][6][4][9]
 VISITED: [0][2][3][7][6][4][5][9]
 VISITED: [0][2][3][4][9]
 VISITED: [0][2][3][4][6][9]
 VISITED: [0][2][3][4][6][7][9]
 VISITED: [0][2][3][4][6][7][8][9]
 VISITED: [0][2][3][4][6][5][9]
 VISITED: [0][2][3][4][5][9]
 VISITED: [0][2][3][4][5][6][9]
 VISITED: [0][2][3][4][5][6][7][9]
 VISITED: [0][2][3][4][5][6][7][8][9]
 VISITED: [0][2][3][9]
 VISITED: [0][2][3][7][9]
 VISITED: [0][2][3][7][8][9]
 VISITED: [0][2][3][7][6][9]
 VISITED: [0][2][3][7][6][5][9]
 VISITED: [0][2][3][7][6][5][4][9]
 VISITED: [0][2][3][7][6][4][9]
 VISITED: [0][2][3][7][6][4][5][9]
 VISITED: [0][2][3][4][9]
 VISITED: [0][2][3][4][6][9]
 VISITED: [0][2][3][4][6][7][9]
 VISITED: [0][2][3][4][6][7][8][9]
 VISITED: [0][2][3][4][6][5][9]
 VISITED: [0][2][3][4][5][9]
 VISITED: [0][2][3][4][5][6][9]
 VISITED: [0][2][3][4][5][6][7][9]
 VISITED: [0][2][3][4][5][6][7][8][9]
 VISITED: [0][2][3][9]
 VISITED: [0][2][3][7][9]
 VISITED: [0][2][3][7][8][9]
 VISITED: [0][2][3][7][6][9]
 VISITED: [0][2][3][7][6][5][9]
 VISITED: [0][2][3][7][6][5][4][9]
 VISITED: [0][2][3][7][6][4][9]
 VISITED: [0][2][3][7][6][4][5][9]
 VISITED: [0][2][3][4][9]
 VISITED: [0][2][3][4][6][9]
 VISITED: [0][2][3][4][6][7][9]
 VISITED: [0][2][3][4][6][7][8][9]
 VISITED: [0][2][3][4][6][5][9]
 VISITED: [0][2][3][4][5][9]
 VISITED: [0][2][3][4][5][6][9]
 VISITED: [0][2][3][4][5][6][7][9]
 VISITED: [0][2][3][4][5][6][7][8][9]
 VISITED: [0][1][2][3][9]
 VISITED: [0][1][2][3][7][9]
 VISITED: [0][1][2][3][7][8][9]
 VISITED: [0][1][2][3][7][6][9]
 VISITED: [0][1][2][3][7][6][5][9]
 VISITED: [0][1][2][3][7][6][5][4][9]
 VISITED: [0][1][2][3][7][6][4][9]
 VISITED: [0][1][2][3][7][6][4][5][9]
 VISITED: [0][1][2][3][4][9]
 VISITED: [0][1][2][3][4][6][9]
 VISITED: [0][1][2][3][4][6][7][9]
 VISITED: [0][1][2][3][4][6][7][8][9]
 VISITED: [0][1][2][3][4][6][5][9]
 VISITED: [0][1][2][3][4][5][9]
 VISITED: [0][1][2][3][4][5][6][9]
 VISITED: [0][1][2][3][4][5][6][7][9]
 VISITED: [0][1][2][3][4][5][6][7][8][9]
